0
0
0
0
0.0946045
2.96326
1.03149
0.849915
1.84326
0.593567
0.639343
0.836182
0.968933
0.976562
0.68512
0.0671387
20.816
16.246
14.1006
16.3712
16.2994
44.6396
40.4312
0.012207
0.526428
0.0976562
0.85907
69.429
27.9556
20.2072
25.3891
12.7457
8.3847
8.71124
3.31879
1.22681
2.44751
11.6974
4.82483
1.34735
1.12915
1.33667
2.32697
4.04663
2.33917
4.45099
3.07922
2.18353
2.02484
1.19476
0.956726
2.78015
5.81665
1.02386
4.68597
11.438
1.47095
2.64893
6.11725
1.24969
2.96783
2.63367
1.3855
1.55334
1.91803
1.75934
2.20795
2.79541
4.71954
14.9628
5.61371
2.37732
2.88849
8.71735
15.3336
10.9619
7.04803
3.66821
5.18646
20.1385
21.7484
15.7333
22.1893
23.645
15.4938
43.1335
23.6176
3.45001
16.922
15.799
39.9673
18.0298
48.5977
22.5281
23.8113
24.0662
20.0378
24.823
20.4498
